#include <Eigen/Dense>

Eigen::MatrixXd getWeights( Eigen::MatrixXd& weightMat )
{
    double w[4000] =
    {
        0.00023577 , 0.45532563 , 0.43102600 , 0.11341260,
        0.00025880 , 0.42539528 , 0.36775583 , 0.20659009,
        0.00060685 , 0.35439577 , 0.18043700 , 0.46456038,
        0.00124095 , 0.54519117 , 0.29444894 , 0.15911895,
        0.00212683 , 0.37536981 , 0.41257775 , 0.20992561,
        0.00221134 , 0.71533676 , 0.13776632 , 0.14468559,
        0.00269479 , 0.41329574 , 0.03092964 , 0.55307983,
        0.00434876 , 0.28834142 , 0.29182665 , 0.41548317,
        0.00561936 , 0.43943788 , 0.38376422 , 0.17117853,
        0.00604446 , 0.19947151 , 0.36082802 , 0.43365601,
        0.00659493 , 0.48797675 , 0.35542079 , 0.15000753,
        0.00662594 , 0.35827766 , 0.40052910 , 0.23456729,
        0.00716116 , 0.11421385 , 0.75872816 , 0.11989684,
        0.00741674 , 0.35929404 , 0.18363665 , 0.44965257,
        0.00778189 , 0.35814889 , 0.01660745 , 0.61746177,
        0.00846719 , 0.19487207 , 0.25536645 , 0.54129429,
        0.00883731 , 0.26744972 , 0.41288430 , 0.31082867,
        0.01147080 , 0.70695396 , 0.11397410 , 0.16760114,
        0.01165278 , 0.44976933 , 0.13105330 , 0.40752460,
        0.01281150 , 0.58888703 , 0.02418170 , 0.37411977,
        0.01431389 , 0.18197792 , 0.39505817 , 0.40865002,
        0.01472339 , 0.47999759 , 0.42149024 , 0.08378878,
        0.01496543 , 0.10103118 , 0.79163088 , 0.09237251,
        0.01541170 , 0.07441499 , 0.48983071 , 0.42034261,
        0.01830865 , 0.32857578 , 0.54865363 , 0.10446194,
        0.01941716 , 0.26259524 , 0.31338471 , 0.40460289,
        0.01997229 , 0.40378347 , 0.18794941 , 0.38829483,
        0.02074795 , 0.12479716 , 0.46206679 , 0.39238810,
        0.02085222 , 0.28976231 , 0.42163552 , 0.26774995,
        0.02212590 , 0.37069839 , 0.55206894 , 0.05510676,
        0.02218326 , 0.33268648 , 0.22412285 , 0.42100742,
        0.02297620 , 0.47287147 , 0.11483880 , 0.38931353,
        0.02366562 , 0.11527097 , 0.48902288 , 0.37204053,
        0.02482253 , 0.38278951 , 0.37021589 , 0.22217207,
        0.02516771 , 0.43164830 , 0.23195002 , 0.31123398,
        0.02538219 , 0.45199658 , 0.10696217 , 0.41565906,
        0.02540388 , 0.54553514 , 0.41076822 , 0.01829276,
        0.02609809 , 0.39467241 , 0.21019655 , 0.36903295,
        0.02648176 , 0.75197332 , 0.04796041 , 0.17358452,
        0.02749538 , 0.15673427 , 0.49050195 , 0.32526839,
        0.02759414 , 0.15978056 , 0.54480037 , 0.26782494,
        0.02760344 , 0.43431336 , 0.22958244 , 0.30850077,
        0.02778843 , 0.32259624 , 0.45467546 , 0.19493987,
        0.02826771 , 0.41644974 , 0.18828104 , 0.36700151,
        0.02888763 , 0.28307006 , 0.30387406 , 0.38416824,
        0.02894350 , 0.19957655 , 0.48580334 , 0.28567662,
        0.03024793 , 0.27485865 , 0.55626383 , 0.13862959,
        0.03043695 , 0.17290899 , 0.29238050 , 0.50427356,
        0.03051324 , 0.28673131 , 0.37446879 , 0.30828667,
        0.03193365 , 0.39869248 , 0.20434945 , 0.36502442,
        0.03224119 , 0.27450680 , 0.47968209 , 0.21356993,
        0.03227830 , 0.42175078 , 0.04862174 , 0.49734918,
        0.03228592 , 0.24849786 , 0.24814415 , 0.47107207,
        0.03534897 , 0.35512681 , 0.40945800 , 0.20006622,
        0.03537723 , 0.29328597 , 0.04954844 , 0.62178835,
        0.03542130 , 0.44359272 , 0.35329048 , 0.16769550,
        0.03683154 , 0.28757710 , 0.32042422 , 0.35516715,
        0.03885159 , 0.38154439 , 0.15587920 , 0.42372482,
        0.03971316 , 0.28584548 , 0.35276511 , 0.32167626,
        0.04067034 , 0.19013718 , 0.38063075 , 0.38856173,
        0.04074640 , 0.49100473 , 0.18087017 , 0.28737870,
        0.04080462 , 0.30864603 , 0.57384223 , 0.07670712,
        0.04149459 , 0.29560763 , 0.34191114 , 0.32098664,
        0.04167958 , 0.48498218 , 0.27376234 , 0.19957590,
        0.04198816 , 0.27555956 , 0.16161452 , 0.52083776,
        0.04220010 , 0.33937488 , 0.49533001 , 0.12309501,
        0.04237989 , 0.06824948 , 0.47842887 , 0.41094175,
        0.04249330 , 0.40839064 , 0.03196335 , 0.51715270,
        0.04366989 , 0.40786990 , 0.21538743 , 0.33307278,
        0.04373199 , 0.44344771 , 0.11269252 , 0.40012778,
        0.04382293 , 0.29075409 , 0.64906986 , 0.01635312,
        0.04391117 , 0.39035749 , 0.29948477 , 0.26624657,
        0.04582734 , 0.44065622 , 0.25453609 , 0.25898035,
        0.04672825 , 0.05250203 , 0.36597512 , 0.53479461,
        0.04673818 , 0.29601014 , 0.19474875 , 0.46250294,
        0.04752259 , 0.34278816 , 0.27737516 , 0.33231409,
        0.04764603 , 0.30585276 , 0.28802537 , 0.35847583,
        0.04779686 , 0.36290514 , 0.46409294 , 0.12520506,
        0.04803437 , 0.17439651 , 0.69938623 , 0.07818289,
        0.05009904 , 0.52786197 , 0.18264788 , 0.23939111,
        0.05046386 , 0.28563950 , 0.36929652 , 0.29460012,
        0.05080606 , 0.78981700 , 0.00418589 , 0.15519105,
        0.05091823 , 0.33469043 , 0.23980005 , 0.37459129,
        0.05106525 , 0.33267836 , 0.27862643 , 0.33762996,
        0.05141913 , 0.13578119 , 0.36302877 , 0.44977091,
        0.05161625 , 0.19177274 , 0.36392049 , 0.39269053,
        0.05170613 , 0.44185161 , 0.48368954 , 0.02275271,
        0.05183538 , 0.00558679 , 0.50389265 , 0.43868518,
        0.05287728 , 0.39282282 , 0.06811879 , 0.48618112,
        0.05505275 , 0.19073046 , 0.50167264 , 0.25254415,
        0.05571866 , 0.40517840 , 0.24649127 , 0.29261166,
        0.05601368 , 0.60904212 , 0.18975322 , 0.14519099,
        0.05609790 , 0.39979281 , 0.13782499 , 0.40628430,
        0.05671493 , 0.19183489 , 0.27972202 , 0.47172816,
        0.05813409 , 0.26647034 , 0.28752627 , 0.38786930,
        0.05880733 , 0.20265096 , 0.62632254 , 0.11221916,
        0.05921415 , 0.21212676 , 0.41164339 , 0.31701569,
        0.06342579 , 0.40880254 , 0.50223993 , 0.02553174,
        0.06347205 , 0.05465693 , 0.30643102 , 0.57544000,
        0.06365992 , 0.38469967 , 0.12795178 , 0.42368862,
        0.06542840 , 0.30785938 , 0.19269817 , 0.43401405,
        0.06559687 , 0.30671336 , 0.28987174 , 0.33781803,
        0.06697065 , 0.21501982 , 0.08989321 , 0.62811632,
        0.06750214 , 0.33452807 , 0.20821294 , 0.38975685,
        0.06823271 , 0.12320550 , 0.48237910 , 0.32618269,
        0.06833871 , 0.28238224 , 0.40980342 , 0.23947563,
        0.06860327 , 0.00624407 , 0.56581517 , 0.35933749,
        0.07102221 , 0.36644768 , 0.46777222 , 0.09475789,
        0.07154525 , 0.16411153 , 0.21384938 , 0.55049384,
        0.07192495 , 0.47060026 , 0.26255085 , 0.19492394,
        0.07326020 , 0.26706216 , 0.16431749 , 0.49536015,
        0.07392704 , 0.00659641 , 0.40206175 , 0.51741480,
        0.07408946 , 0.07560897 , 0.18564058 , 0.66466099,
        0.07448379 , 0.42332854 , 0.04544450 , 0.45674317,
        0.07462374 , 0.28632798 , 0.31765409 , 0.32139419,
        0.07486408 , 0.50834320 , 0.41611818 , 0.00067454,
        0.07493235 , 0.61383679 , 0.06700078 , 0.24423008,
        0.07567331 , 0.32194970 , 0.23832713 , 0.36404986,
        0.07604112 , 0.28250441 , 0.35925692 , 0.28219755,
        0.07695534 , 0.28754727 , 0.21908191 , 0.41641548,
        0.07975235 , 0.69629138 , 0.11225951 , 0.11169676,
        0.08146203 , 0.09307339 , 0.34629360 , 0.47917098,
        0.08152311 , 0.27911404 , 0.36942089 , 0.26994196,
        0.08229550 , 0.37474898 , 0.21810502 , 0.32485050,
        0.08265540 , 0.23707159 , 0.38469804 , 0.29557496,
        0.08266062 , 0.47504876 , 0.10867087 , 0.33361975,
        0.08275528 , 0.17939650 , 0.29156345 , 0.44628477,
        0.08312234 , 0.31560593 , 0.37650533 , 0.22476640,
        0.08490745 , 0.44092631 , 0.33098925 , 0.14317699,
        0.08530923 , 0.39244561 , 0.04877450 , 0.47347065,
        0.08539888 , 0.33729110 , 0.40253960 , 0.17477043,
        0.08589237 , 0.22417792 , 0.35550915 , 0.33442057,
        0.08634326 , 0.30785490 , 0.34012209 , 0.26567975,
        0.08680582 , 0.32638765 , 0.35613597 , 0.23067055,
        0.08721048 , 0.53664005 , 0.30071746 , 0.07543201,
        0.08743440 , 0.22763144 , 0.39521734 , 0.28971682,
        0.08748806 , 0.42506412 , 0.10865929 , 0.37878853,
        0.08845075 , 0.30163276 , 0.38332178 , 0.22659471,
        0.08870974 , 0.48617134 , 0.15833990 , 0.26677902,
        0.08940040 , 0.24408607 , 0.29875006 , 0.36776347,
        0.08969182 , 0.56321454 , 0.27848124 , 0.06861239,
        0.09233205 , 0.54647093 , 0.03776714 , 0.32342988,
        0.09291094 , 0.57109132 , 0.13550187 , 0.20049587,
        0.09295956 , 0.33317621 , 0.15950650 , 0.41435773,
        0.09320044 , 0.24302558 , 0.34210772 , 0.32166626,
        0.09435792 , 0.59867296 , 0.25530008 , 0.05166904,
        0.09460976 , 0.30097362 , 0.31655864 , 0.28785798,
        0.09468571 , 0.17029347 , 0.48542468 , 0.24959614,
        0.09494159 , 0.49012508 , 0.26392827 , 0.15100506,
        0.09546199 , 0.26531421 , 0.19435314 , 0.44487066,
        0.09549959 , 0.78643802 , 0.02765775 , 0.09040464,
        0.09582088 , 0.36082540 , 0.08520499 , 0.45814873,
        0.09699336 , 0.25570594 , 0.14001097 , 0.50728972,
        0.09852972 , 0.27386319 , 0.52137732 , 0.10622976,
        0.09893428 , 0.11022026 , 0.24579964 , 0.54504582,
        0.09903115 , 0.34992802 , 0.36381768 , 0.18722314,
        0.09919787 , 0.45672996 , 0.37817497 , 0.06589721,
        0.09979010 , 0.46301582 , 0.09054416 , 0.34664991,
        0.10063899 , 0.51972103 , 0.24244439 , 0.13719560,
        0.10080970 , 0.06324709 , 0.44176148 , 0.39418173,
        0.10151108 , 0.33936591 , 0.37421219 , 0.18491082,
        0.10253435 , 0.40558018 , 0.17417266 , 0.31771280,
        0.10265776 , 0.30799224 , 0.26305722 , 0.32629277,
        0.10316164 , 0.43924962 , 0.10679149 , 0.35079725,
        0.10392802 , 0.19450360 , 0.31650684 , 0.38506154,
        0.10526856 , 0.14465787 , 0.37596013 , 0.37411344,
        0.10582320 , 0.39764089 , 0.20816394 , 0.28837197,
        0.10583211 , 0.16320307 , 0.45239417 , 0.27857065,
        0.10624669 , 0.32628456 , 0.17476789 , 0.39270086,
        0.10686610 , 0.25387813 , 0.28965188 , 0.34960389,
        0.10829544 , 0.41016901 , 0.08709684 , 0.39443870,
        0.10870416 , 0.34650226 , 0.27213159 , 0.27266199,
        0.10993607 , 0.26085509 , 0.31959674 , 0.30961210,
        0.11018476 , 0.77652331 , 0.01424672 , 0.09904521,
        0.11231541 , 0.38816702 , 0.11056265 , 0.38895492,
        0.11354914 , 0.02521388 , 0.58516949 , 0.27606749,
        0.11509464 , 0.14717036 , 0.53960470 , 0.19813030,
        0.11589716 , 0.36774395 , 0.09703645 , 0.41932243,
        0.11771213 , 0.30184043 , 0.22345933 , 0.35698812,
        0.11791573 , 0.45117263 , 0.27185426 , 0.15905738,
        0.11853711 , 0.33212979 , 0.39441774 , 0.15491536,
        0.11878434 , 0.38555554 , 0.12973164 , 0.36592848,
        0.11896362 , 0.27029783 , 0.26694556 , 0.34379298,
        0.11922801 , 0.41141131 , 0.12539498 , 0.34396570,
        0.11998200 , 0.38635962 , 0.02171277 , 0.47194560,
        0.12009463 , 0.46200219 , 0.09191551 , 0.32598767,
        0.12021402 , 0.06207206 , 0.26775879 , 0.54995513,
        0.12080333 , 0.38845574 , 0.14477563 , 0.34596531,
        0.12160565 , 0.27001813 , 0.16215827 , 0.44621795,
        0.12166129 , 0.36567025 , 0.40371975 , 0.10894871,
        0.12191352 , 0.31263258 , 0.40689200 , 0.15856191,
        0.12232365 , 0.20773981 , 0.49221368 , 0.17772286,
        0.12380156 , 0.41388400 , 0.12752573 , 0.33478871,
        0.12423283 , 0.41725471 , 0.18317455 , 0.27533791,
        0.12429990 , 0.34102551 , 0.23599424 , 0.29868036,
        0.12443738 , 0.09493417 , 0.36394990 , 0.41667855,
        0.12468698 , 0.32080559 , 0.08266685 , 0.47184059,
        0.12525580 , 0.01706978 , 0.29901075 , 0.55866367,
        0.12547051 , 0.35008697 , 0.35335174 , 0.17109079,
        0.12564467 , 0.63441833 , 0.11168491 , 0.12825210,
        0.12731710 , 0.36077909 , 0.40744167 , 0.10446214,
        0.12737017 , 0.29835142 , 0.17383585 , 0.40044256,
        0.12828007 , 0.40404827 , 0.38656001 , 0.08111165,
        0.12854141 , 0.33321572 , 0.35457263 , 0.18367024,
        0.12881200 , 0.30424563 , 0.26629838 , 0.30064399,
        0.12975119 , 0.38506128 , 0.21098069 , 0.27420684,
        0.13075071 , 0.13611897 , 0.23729235 , 0.49583797,
        0.13078981 , 0.37330354 , 0.22714027 , 0.26876637,
        0.13158563 , 0.58433130 , 0.12583947 , 0.15824359,
        0.13168999 , 0.40730673 , 0.44965360 , 0.01134968,
        0.13189219 , 0.30954554 , 0.29026215 , 0.26830012,
        0.13227034 , 0.53516093 , 0.04504213 , 0.28752659,
        0.13243670 , 0.07923579 , 0.17081069 , 0.61751682,
        0.13268884 , 0.34476494 , 0.33259782 , 0.18994840,
        0.13301829 , 0.31761803 , 0.14222279 , 0.40714089,
        0.13355615 , 0.49267289 , 0.23898419 , 0.13478676,
        0.13390637 , 0.39087805 , 0.08793522 , 0.38728036,
        0.13399174 , 0.36845260 , 0.14050803 , 0.35704763,
        0.13422624 , 0.06420373 , 0.48089029 , 0.32067973,
        0.13556567 , 0.30829684 , 0.26701771 , 0.28911978,
        0.13653336 , 0.42378036 , 0.23809146 , 0.20159482,
        0.13727201 , 0.32394553 , 0.20900380 , 0.32977865,
        0.13734666 , 0.28880565 , 0.29894814 , 0.27489955,
        0.13768402 , 0.00196651 , 0.75434498 , 0.10600448,
        0.13853253 , 0.35846404 , 0.15600273 , 0.34700070,
        0.13868194 , 0.38538420 , 0.06363148 , 0.41230239,
        0.13977392 , 0.32978427 , 0.14549947 , 0.38494234,
        0.14023938 , 0.15470009 , 0.27992967 , 0.42513086,
        0.14069981 , 0.31965173 , 0.13694183 , 0.40270663,
        0.14101362 , 0.28238229 , 0.28955389 , 0.28705020,
        0.14126253 , 0.35890773 , 0.32060841 , 0.17922133,
        0.14288041 , 0.29835669 , 0.20155133 , 0.35721156,
        0.14336243 , 0.14407402 , 0.44301211 , 0.26955144,
        0.14365853 , 0.17377739 , 0.29658541 , 0.38597867,
        0.14371501 , 0.37848593 , 0.07285616 , 0.40494290,
        0.14387223 , 0.41135617 , 0.11310230 , 0.33166930,
        0.14419687 , 0.25942448 , 0.09153005 , 0.50484860,
        0.14437809 , 0.38076460 , 0.25248715 , 0.22237016,
        0.14448104 , 0.29786829 , 0.38969693 , 0.16795374,
        0.14486106 , 0.19658798 , 0.30914724 , 0.34940372,
        0.14665791 , 0.33704013 , 0.23112465 , 0.28517731,
        0.14685308 , 0.23906164 , 0.25035757 , 0.36372770,
        0.14754633 , 0.44552173 , 0.30013382 , 0.10679812,
        0.14760776 , 0.37137849 , 0.35839747 , 0.12261628,
        0.14792018 , 0.24549571 , 0.35299722 , 0.25358688,
        0.14844873 , 0.20377756 , 0.33101297 , 0.31676075,
        0.14934552 , 0.33710923 , 0.45569567 , 0.05784957,
        0.15005844 , 0.17050941 , 0.33780153 , 0.34163062,
        0.15026290 , 0.16527332 , 0.37626148 , 0.30820230,
        0.15037197 , 0.63689722 , 0.19846571 , 0.01426510,
        0.15055399 , 0.30822712 , 0.53082633 , 0.01039256,
        0.15057340 , 0.19991358 , 0.31031059 , 0.33920243,
        0.15060365 , 0.35890581 , 0.34013540 , 0.15035513,
        0.15070201 , 0.48857214 , 0.09902861 , 0.26169725,
        0.15077398 , 0.30454185 , 0.29027466 , 0.25440952,
        0.15341850 , 0.20305438 , 0.38982974 , 0.25369738,
        0.15345831 , 0.04343263 , 0.45197566 , 0.35113341,
        0.15388289 , 0.53383803 , 0.09701057 , 0.21526850,
        0.15479340 , 0.08147982 , 0.26064972 , 0.50307706,
        0.15504358 , 0.08408279 , 0.32058976 , 0.44028386,
        0.15647348 , 0.12816173 , 0.35314431 , 0.36222048,
        0.15701290 , 0.34522248 , 0.14776567 , 0.34999894,
        0.15710645 , 0.27750428 , 0.25567791 , 0.30971136,
        0.15719107 , 0.36647185 , 0.42834486 , 0.04799221,
        0.15744693 , 0.00775068 , 0.53807418 , 0.29672820,
        0.15759636 , 0.35782217 , 0.11739813 , 0.36718333,
        0.15811648 , 0.28202242 , 0.23788748 , 0.32197362,
        0.15847685 , 0.14794463 , 0.35446853 , 0.33910999,
        0.15932532 , 0.37298523 , 0.30588975 , 0.16179971,
        0.15933666 , 0.30056722 , 0.30923990 , 0.23085622,
        0.15948321 , 0.10554863 , 0.35554630 , 0.37942187,
        0.16094217 , 0.26467992 , 0.29665302 , 0.27772489,
        0.16108053 , 0.39989354 , 0.32036390 , 0.11866204,
        0.16128363 , 0.21298005 , 0.31577120 , 0.30996512,
        0.16133032 , 0.27307796 , 0.29404707 , 0.27154465,
        0.16148029 , 0.42713824 , 0.18148937 , 0.22989210,
        0.16155741 , 0.28894715 , 0.17665794 , 0.37283750,
        0.16191570 , 0.15769540 , 0.35002568 , 0.33036322,
        0.16206151 , 0.53614358 , 0.18076831 , 0.12102661,
        0.16213549 , 0.44345365 , 0.31072765 , 0.08368320,
        0.16237369 , 0.37250243 , 0.06419156 , 0.40093232,
        0.16306918 , 0.04452555 , 0.24856196 , 0.54384332,
        0.16308162 , 0.26611068 , 0.35488165 , 0.21592604,
        0.16374925 , 0.29196225 , 0.22981880 , 0.31446970,
        0.16456833 , 0.30403893 , 0.33891337 , 0.19247937,
        0.16483769 , 0.16237198 , 0.37559120 , 0.29719913,
        0.16494952 , 0.00447762 , 0.30588317 , 0.52468969,
        0.16524245 , 0.31087767 , 0.34900553 , 0.17487435,
        0.16552575 , 0.18788750 , 0.48926024 , 0.15732650,
        0.16603063 , 0.43930835 , 0.29621659 , 0.09844442,
        0.16754907 , 0.19457528 , 0.28173930 , 0.35613636,
        0.16762199 , 0.21670862 , 0.32291463 , 0.29275477,
        0.16787941 , 0.09358709 , 0.39806173 , 0.34047177,
        0.16808136 , 0.38191181 , 0.03922595 , 0.41078088,
        0.16882383 , 0.22262004 , 0.31190867 , 0.29664747,
        0.16951492 , 0.33796041 , 0.36844975 , 0.12407492,
        0.17126005 , 0.34917577 , 0.10316329 , 0.37640089,
        0.17161993 , 0.35614220 , 0.30773515 , 0.16450272,
        0.17192761 , 0.23394366 , 0.17805055 , 0.41607819,
        0.17229325 , 0.27618032 , 0.20324652 , 0.34827991,
        0.17240756 , 0.37022576 , 0.02521594 , 0.43215074,
        0.17258847 , 0.38947236 , 0.05022399 , 0.38771517,
        0.17268483 , 0.63275259 , 0.13877038 , 0.05579219,
        0.17453129 , 0.16465110 , 0.23030057 , 0.43051704,
        0.17464896 , 0.39410408 , 0.15895804 , 0.27228892,
        0.17492496 , 0.17752844 , 0.45722764 , 0.19031895,
        0.17522835 , 0.37929176 , 0.29017257 , 0.15530731,
        0.17572627 , 0.22036237 , 0.20929221 , 0.39461914,
        0.17595062 , 0.20599023 , 0.23873546 , 0.37932370,
        0.17604133 , 0.31619196 , 0.38827008 , 0.11949663,
        0.17645250 , 0.20838347 , 0.27170354 , 0.34346049,
        0.17696741 , 0.09698265 , 0.39164007 , 0.33440987,
        0.17701236 , 0.30220451 , 0.44768340 , 0.07309973,
        0.17769024 , 0.34105481 , 0.39851494 , 0.08274002,
        0.17787337 , 0.26580934 , 0.35235496 , 0.20396232,
        0.17988753 , 0.28727362 , 0.28501030 , 0.24782854,
        0.18026677 , 0.32667368 , 0.17590506 , 0.31715449,
        0.18067969 , 0.25500038 , 0.23852579 , 0.32579414,
        0.18088655 , 0.28040827 , 0.29153744 , 0.24716774,
        0.18120022 , 0.32933772 , 0.34527463 , 0.14418743,
        0.18126269 , 0.31923492 , 0.27481878 , 0.22468362,
        0.18159365 , 0.34175183 , 0.12244528 , 0.35420924,
        0.18179345 , 0.04107230 , 0.20732807 , 0.56980619,
        0.18314506 , 0.38091171 , 0.31961706 , 0.11632616,
        0.18324243 , 0.09603685 , 0.36515566 , 0.35556506,
        0.18389088 , 0.28212708 , 0.47617330 , 0.05780875,
        0.18395715 , 0.23747612 , 0.27675416 , 0.30181257,
        0.18511271 , 0.31003171 , 0.20582179 , 0.29903379,
        0.18641139 , 0.00003203 , 0.30834847 , 0.50520810,
        0.18710884 , 0.32585110 , 0.18752064 , 0.29951942,
        0.18734161 , 0.07846059 , 0.24820796 , 0.48598984,
        0.18740126 , 0.37259684 , 0.17085516 , 0.26914674,
        0.18740695 , 0.14718395 , 0.41876814 , 0.24664096,
        0.18795321 , 0.25944560 , 0.24326005 , 0.30934114,
        0.18801137 , 0.21214595 , 0.37172297 , 0.22811971,
        0.18807310 , 0.24754533 , 0.22384675 , 0.34053482,
        0.18873026 , 0.36041501 , 0.35789578 , 0.09295895,
        0.18901560 , 0.30725806 , 0.17422113 , 0.32950521,
        0.18921795 , 0.13053268 , 0.28731941 , 0.39292996,
        0.18986250 , 0.27659881 , 0.38303611 , 0.15050258,
        0.18997388 , 0.47021207 , 0.09095833 , 0.24885572,
        0.19011943 , 0.42132834 , 0.30094541 , 0.08760682,
        0.19020841 , 0.09912278 , 0.35295805 , 0.35771076,
        0.19079357 , 0.23889083 , 0.23555808 , 0.33475751,
        0.19092751 , 0.21898361 , 0.49798851 , 0.09210038,
        0.19105667 , 0.21045435 , 0.03319402 , 0.56529496,
        0.19267055 , 0.25068649 , 0.12424400 , 0.43239896,
        0.19469840 , 0.43553057 , 0.10062524 , 0.26914579,
        0.19542510 , 0.28337922 , 0.02632644 , 0.49486924,
        0.19599520 , 0.37950344 , 0.09726682 , 0.32723454,
        0.19640241 , 0.33360980 , 0.14324899 , 0.32673880,
        0.19740696 , 0.28732077 , 0.40367663 , 0.11159564,
        0.19817186 , 0.35355742 , 0.19273703 , 0.25553368,
        0.19875832 , 0.28807710 , 0.23418980 , 0.27897478,
        0.19963490 , 0.05268431 , 0.18714797 , 0.56053282,
        0.20017293 , 0.26163015 , 0.44085502 , 0.09734190,
        0.20017804 , 0.39561820 , 0.09361681 , 0.31058694,
        0.20032095 , 0.29493691 , 0.29222470 , 0.21251744,
        0.20046135 , 0.45685606 , 0.01285385 , 0.32982874,
        0.20092327 , 0.31146059 , 0.33796977 , 0.14964637,
        0.20094064 , 0.32348453 , 0.27820670 , 0.19736813,
        0.20220740 , 0.36927252 , 0.35511634 , 0.07340373,
        0.20235455 , 0.40318454 , 0.11608946 , 0.27837145,
        0.20305786 , 0.42342755 , 0.19144236 , 0.18207223,
        0.20313514 , 0.09184334 , 0.53423504 , 0.17078649,
        0.20379135 , 0.25203476 , 0.28098075 , 0.26319314,
        0.20599492 , 0.24289921 , 0.27797591 , 0.27312996,
        0.20607359 , 0.12181368 , 0.25040269 , 0.42171004,
        0.20720507 , 0.37384666 , 0.14059614 , 0.27835212,
        0.20775216 , 0.34671758 , 0.22227899 , 0.22325127,
        0.20815061 , 0.35217952 , 0.26117749 , 0.17849237,
        0.20858737 , 0.30641396 , 0.24048042 , 0.24451825,
        0.20869354 , 0.25565293 , 0.34217413 , 0.19347939,
        0.20949661 , 0.23149702 , 0.51729294 , 0.04171344,
        0.20950959 , 0.36200465 , 0.27652597 , 0.15195979,
        0.20991385 , 0.42290920 , 0.08650190 , 0.28067505,
        0.21019217 , 0.10163513 , 0.49399572 , 0.19417697,
        0.21020269 , 0.43216437 , 0.18553693 , 0.17209601,
        0.21022729 , 0.07310163 , 0.56481526 , 0.15185582,
        0.21170857 , 0.36166673 , 0.22892028 , 0.19770441,
        0.21180022 , 0.39418787 , 0.12851516 , 0.26549675,
        0.21279861 , 0.31397755 , 0.00548869 , 0.46773515,
        0.21328095 , 0.06511586 , 0.37013015 , 0.35147304,
        0.21401447 , 0.48534427 , 0.03157638 , 0.26906489,
        0.21457307 , 0.51737706 , 0.18693473 , 0.08111514,
        0.21483314 , 0.34207726 , 0.08649637 , 0.35659323,
        0.21492856 , 0.34721644 , 0.19579647 , 0.24205853,
        0.21494652 , 0.26734729 , 0.13629420 , 0.38141199,
        0.21499767 , 0.14922461 , 0.13576262 , 0.50001510,
        0.21534457 , 0.18967848 , 0.26774391 , 0.32723304,
        0.21548626 , 0.31104515 , 0.15639059 , 0.31707799,
        0.21556683 , 0.28352201 , 0.10882330 , 0.39208785,
        0.21611626 , 0.24982438 , 0.38785997 , 0.14619939,
        0.21652234 , 0.37031122 , 0.30539993 , 0.10776651,
        0.21734639 , 0.21355234 , 0.19770580 , 0.37139547,
        0.21826221 , 0.35709529 , 0.01609736 , 0.40854515,
        0.21946644 , 0.20730575 , 0.42452297 , 0.14870483,
        0.22050328 , 0.00625429 , 0.46202748 , 0.31121496,
        0.22064160 , 0.23327559 , 0.32178166 , 0.22430116,
        0.22072562 , 0.23393062 , 0.26646021 , 0.27888354,
        0.22073897 , 0.14327902 , 0.17888797 , 0.45709404,
        0.22093953 , 0.26217077 , 0.19630457 , 0.32058514,
        0.22109283 , 0.21460770 , 0.30874341 , 0.25555606,
        0.22169117 , 0.09844856 , 0.27502804 , 0.40483223,
        0.22247737 , 0.24639717 , 0.23450756 , 0.29661790,
        0.22254594 , 0.36536356 , 0.29063417 , 0.12145633,
        0.22313403 , 0.10671009 , 0.34186902 , 0.32828685,
        0.22326711 , 0.08385660 , 0.38910643 , 0.30376986,
        0.22333714 , 0.29181864 , 0.16676256 , 0.31808166,
        0.22445785 , 0.23145989 , 0.32873359 , 0.21534868,
        0.22464796 , 0.33923436 , 0.27620776 , 0.15990992,
        0.22476444 , 0.30638693 , 0.19576692 , 0.27308171,
        0.22601694 , 0.13254048 , 0.40749832 , 0.23394426,
        0.22606617 , 0.30223949 , 0.13178350 , 0.33991085,
        0.22693428 , 0.28352374 , 0.24396927 , 0.24557271,
        0.22702146 , 0.24442326 , 0.25598198 , 0.27257330,
        0.22810963 , 0.57369695 , 0.00163108 , 0.19656235,
        0.22815221 , 0.55848914 , 0.08622064 , 0.12713801,
        0.22976563 , 0.30197277 , 0.39739560 , 0.07086600,
        0.23094942 , 0.07176858 , 0.23328264 , 0.46399936,
        0.23205198 , 0.16268975 , 0.29136129 , 0.31389697,
        0.23277399 , 0.24228814 , 0.49465577 , 0.03028210,
        0.23303230 , 0.20420395 , 0.28490244 , 0.27786131,
        0.23351914 , 0.13135856 , 0.32470945 , 0.31041284,
        0.23364766 , 0.40019195 , 0.08788564 , 0.27827475,
        0.23396207 , 0.23520598 , 0.34908867 , 0.18174328,
        0.23414597 , 0.20717474 , 0.26339679 , 0.29528250,
        0.23507610 , 0.14184419 , 0.32947989 , 0.29359981,
        0.23514143 , 0.17908634 , 0.32165469 , 0.26411753,
        0.23585763 , 0.00401700 , 0.48053208 , 0.27959329,
        0.23644587 , 0.27237067 , 0.40075318 , 0.09043028,
        0.23669408 , 0.37974616 , 0.37125973 , 0.01230003,
        0.23726880 , 0.43079856 , 0.21919795 , 0.11273469,
        0.23747152 , 0.13123225 , 0.00524318 , 0.62605305,
        0.23771424 , 0.15390812 , 0.31439824 , 0.29397940,
        0.23781173 , 0.13247297 , 0.25038452 , 0.37933077,
        0.23867892 , 0.18145956 , 0.26666150 , 0.31320002,
        0.23870198 , 0.16700272 , 0.21686416 , 0.37743114,
        0.23899171 , 0.30223042 , 0.31964136 , 0.13913651,
        0.23917522 , 0.42765277 , 0.28662565 , 0.04654636,
        0.23973044 , 0.27808055 , 0.22555578 , 0.25663322,
        0.24014142 , 0.29578204 , 0.28965882 , 0.17441771,
        0.24056819 , 0.32260011 , 0.18610575 , 0.25072595,
        0.24087072 , 0.45914694 , 0.14237063 , 0.15761172,
        0.24159836 , 0.22135306 , 0.23809336 , 0.29895523,
        0.24167773 , 0.02047353 , 0.29640212 , 0.44144662,
        0.24170043 , 0.31852711 , 0.20694106 , 0.23283140,
        0.24232447 , 0.20384300 , 0.39071977 , 0.16311276,
        0.24290316 , 0.04607280 , 0.13891048 , 0.57211357,
        0.24379643 , 0.42153899 , 0.32565621 , 0.00900837,
        0.24417301 , 0.55061639 , 0.06746670 , 0.13774389,
        0.24426232 , 0.51222677 , 0.14883036 , 0.09468055,
        0.24427788 , 0.39266766 , 0.34986672 , 0.01318774,
        0.24456479 , 0.27373446 , 0.21564570 , 0.26605505,
        0.24457528 , 0.19827226 , 0.21628932 , 0.34086315,
        0.24468962 , 0.26250173 , 0.20761186 , 0.28519678,
        0.24502074 , 0.35035717 , 0.26170721 , 0.14291488,
        0.24520730 , 0.22866843 , 0.31258122 , 0.21354305,
        0.24527999 , 0.49718261 , 0.03044013 , 0.22709727,
        0.24566248 , 0.11882696 , 0.47361129 , 0.16189928,
        0.24605184 , 0.06740107 , 0.64149620 , 0.04505089,
        0.24689032 , 0.25670598 , 0.21667621 , 0.27972750,
        0.24748367 , 0.40398290 , 0.34820686 , 0.00032657,
        0.24819443 , 0.49255257 , 0.09325083 , 0.16600217,
        0.24892262 , 0.03051422 , 0.25116056 , 0.46940260,
        0.24899411 , 0.38058396 , 0.29466483 , 0.07575710,
        0.25022933 , 0.32293790 , 0.11499943 , 0.31183333,
        0.25054866 , 0.60343413 , 0.07694779 , 0.06906942,
        0.25112820 , 0.21720715 , 0.27153552 , 0.26012913,
        0.25114119 , 0.29008616 , 0.33021624 , 0.12855641,
        0.25134329 , 0.27865899 , 0.24007448 , 0.22992324,
        0.25147297 , 0.18369600 , 0.29838767 , 0.26644336,
        0.25167945 , 0.40962219 , 0.14956673 , 0.18913163,
        0.25211547 , 0.31226372 , 0.31086542 , 0.12475539,
        0.25249472 , 0.31623431 , 0.18668180 , 0.24458918,
        0.25284006 , 0.18363458 , 0.46418999 , 0.09933536,
        0.25303790 , 0.27811374 , 0.21461303 , 0.25423533,
        0.25352112 , 0.17871936 , 0.17073736 , 0.39702217,
        0.25436155 , 0.30626007 , 0.05886862 , 0.38050976,
        0.25451055 , 0.03234674 , 0.36481808 , 0.34832463,
        0.25530668 , 0.25973818 , 0.30789231 , 0.17706283,
        0.25597253 , 0.24811381 , 0.25857713 , 0.23733653,
        0.25597951 , 0.28882143 , 0.44158491 , 0.01361414,
        0.25599005 , 0.21077577 , 0.30310497 , 0.23012921,
        0.25639874 , 0.20114147 , 0.24814344 , 0.29431636,
        0.25828886 , 0.02786622 , 0.38041152 , 0.33343339,
        0.25874393 , 0.45786249 , 0.01233025 , 0.27106334,
        0.25906075 , 0.25941765 , 0.23195353 , 0.24956807,
        0.25932925 , 0.25499924 , 0.36576757 , 0.11990394,
        0.25934114 , 0.15861760 , 0.39485149 , 0.18718976,
        0.25952994 , 0.10132057 , 0.52466636 , 0.11448313,
        0.26041631 , 0.35334161 , 0.21222854 , 0.17401354,
        0.26152825 , 0.03281749 , 0.38286763 , 0.32278663,
        0.26161252 , 0.10461351 , 0.40023819 , 0.23353578,
        0.26221657 , 0.14437982 , 0.29701811 , 0.29638550,
        0.26268633 , 0.14534068 , 0.20595172 , 0.38602128,
        0.26277330 , 0.24924450 , 0.18311878 , 0.30486342,
        0.26297862 , 0.15276934 , 0.22452644 , 0.35972560,
        0.26306416 , 0.28844105 , 0.22177852 , 0.22671628,
        0.26323511 , 0.44028811 , 0.05468003 , 0.24179675,
        0.26324134 , 0.27775712 , 0.19834081 , 0.26066073,
        0.26325185 , 0.33979681 , 0.19857981 , 0.19837153,
        0.26340643 , 0.07157541 , 0.38712855 , 0.27788961,
        0.26378410 , 0.23821252 , 0.15945860 , 0.33854477,
        0.26389196 , 0.12394943 , 0.30053203 , 0.31162657,
        0.26401160 , 0.25616811 , 0.12226204 , 0.35755825,
        0.26437393 , 0.20514179 , 0.19810863 , 0.33237565,
        0.26496148 , 0.08825690 , 0.26973433 , 0.37704728,
        0.26533385 , 0.22378503 , 0.21504221 , 0.29583891,
        0.26612220 , 0.20807707 , 0.03225507 , 0.49354566,
        0.26613575 , 0.15921916 , 0.27446164 , 0.30018345,
        0.26617424 , 0.26826283 , 0.01355230 , 0.45201062,
        0.26685701 , 0.26395392 , 0.17986084 , 0.28932824,
        0.26776771 , 0.21573417 , 0.34607343 , 0.17042469,
        0.26781638 , 0.27380042 , 0.36951347 , 0.08886973,
        0.26804888 , 0.38261888 , 0.18890176 , 0.16043048,
        0.26823941 , 0.39698455 , 0.30211043 , 0.03266561,
        0.26850892 , 0.12664711 , 0.06854418 , 0.53629979,
        0.26900686 , 0.30337256 , 0.30601777 , 0.12160281,
        0.26938481 , 0.41380337 , 0.17041683 , 0.14639499,
        0.26971551 , 0.27196657 , 0.26549482 , 0.19282310,
        0.27020715 , 0.09577554 , 0.26888579 , 0.36513152,
        0.27030080 , 0.09541528 , 0.39750257 , 0.23678136,
        0.27158038 , 0.27828679 , 0.13316693 , 0.31696590,
        0.27183215 , 0.12591216 , 0.28345593 , 0.31879975,
        0.27319506 , 0.18321575 , 0.32387694 , 0.21971224,
        0.27322643 , 0.27569617 , 0.18892265 , 0.26215475,
        0.27425168 , 0.33385065 , 0.12035516 , 0.27154251,
        0.27428391 , 0.07440692 , 0.34987576 , 0.30143341,
        0.27436060 , 0.11673228 , 0.26219174 , 0.34671538,
        0.27445780 , 0.40414575 , 0.17126386 , 0.15013258,
        0.27538752 , 0.16932427 , 0.19134416 , 0.36394405,
        0.27543431 , 0.23314965 , 0.20511868 , 0.28629737,
        0.27576707 , 0.27279160 , 0.17086023 , 0.28058109,
        0.27672637 , 0.22129249 , 0.28774319 , 0.21423795,
        0.27694857 , 0.24779038 , 0.29384438 , 0.18141667,
        0.27746687 , 0.19969096 , 0.37366602 , 0.14917615,
        0.27747558 , 0.11356456 , 0.29898197 , 0.30997789,
        0.27755290 , 0.00691260 , 0.34133703 , 0.37419747,
        0.27788441 , 0.16544157 , 0.39624948 , 0.16042455,
        0.27821486 , 0.21033418 , 0.13207045 , 0.37938052,
        0.27843478 , 0.33649832 , 0.23474966 , 0.15031724,
        0.27851477 , 0.20273463 , 0.04109868 , 0.47765192,
        0.27873445 , 0.38291945 , 0.10847486 , 0.22987123,
        0.27898119 , 0.11775233 , 0.21103972 , 0.39222677,
        0.27899164 , 0.32343824 , 0.34812988 , 0.04944024,
        0.27918199 , 0.32102306 , 0.13862964 , 0.26116530,
        0.27947825 , 0.32323615 , 0.05156159 , 0.34572400,
        0.28005523 , 0.09766781 , 0.34589235 , 0.27638461,
        0.28082506 , 0.41845041 , 0.00746072 , 0.29326380,
        0.28167909 , 0.34260021 , 0.22666264 , 0.14905807,
        0.28173360 , 0.29952845 , 0.12757853 , 0.29115942,
        0.28202587 , 0.47351413 , 0.05648376 , 0.18797624,
        0.28254106 , 0.37615063 , 0.21001887 , 0.13128943,
        0.28313400 , 0.29517815 , 0.10828825 , 0.31339960,
        0.28389509 , 0.35908611 , 0.24520878 , 0.11181001,
        0.28525469 , 0.67648077 , 0.00284311 , 0.03542143,
        0.28560031 , 0.26579279 , 0.40281620 , 0.04579070,
        0.28635517 , 0.35555750 , 0.02249245 , 0.33559487,
        0.28647842 , 0.28659097 , 0.18314823 , 0.24378238,
        0.28713973 , 0.22855291 , 0.14431546 , 0.33999189,
        0.28763902 , 0.25229992 , 0.31261497 , 0.14744610,
        0.28803360 , 0.06092491 , 0.28793372 , 0.36310777,
        0.28814681 , 0.32262145 , 0.12310735 , 0.26612439,
        0.28898515 , 0.41384577 , 0.08127154 , 0.21589754,
        0.28948512 , 0.32055282 , 0.33534307 , 0.05461899,
        0.28950700 , 0.19402916 , 0.31464960 , 0.20181424,
        0.28982627 , 0.19419954 , 0.15547058 , 0.36050361,
        0.29045504 , 0.20293888 , 0.32813774 , 0.17846834,
        0.29059192 , 0.35321562 , 0.12267975 , 0.23351271,
        0.29065479 , 0.24229483 , 0.06043645 , 0.40661393,
        0.29101183 , 0.26694379 , 0.21781898 , 0.22422540,
        0.29115652 , 0.08317248 , 0.34040899 , 0.28526201,
        0.29268955 , 0.52573228 , 0.12457507 , 0.05700309,
        0.29269174 , 0.25322416 , 0.24575308 , 0.20833102,
        0.29331023 , 0.25649169 , 0.17925006 , 0.27094802,
        0.29337007 , 0.33877304 , 0.04523157 , 0.32262533,
        0.29479283 , 0.16302234 , 0.28742565 , 0.25475918,
        0.29489978 , 0.22621667 , 0.32896252 , 0.14992103,
        0.29629153 , 0.07086687 , 0.43216132 , 0.20068028,
        0.29634497 , 0.25849999 , 0.04727273 , 0.39788232,
        0.29640705 , 0.05921466 , 0.20332944 , 0.44104886,
        0.29668369 , 0.32928443 , 0.10240663 , 0.27162525,
        0.29681064 , 0.48309355 , 0.17770078 , 0.04239503,
        0.29709062 , 0.07667509 , 0.31072028 , 0.31551402,
        0.29750930 , 0.18827188 , 0.49388659 , 0.02033223,
        0.29761497 , 0.30960990 , 0.24218021 , 0.15059493,
        0.29798798 , 0.30414330 , 0.10869731 , 0.28917141,
        0.29859481 , 0.31582342 , 0.14601792 , 0.23956386,
        0.29873517 , 0.10160543 , 0.35286286 , 0.24679655,
        0.29885811 , 0.25219100 , 0.21532239 , 0.23362850,
        0.29903235 , 0.34429487 , 0.22101178 , 0.13566100,
        0.29909221 , 0.10937781 , 0.17184312 , 0.41968687,
        0.29935811 , 0.04310649 , 0.35911158 , 0.29842382,
        0.29967554 , 0.25400839 , 0.32127247 , 0.12504359,
        0.29990441 , 0.23046278 , 0.15718471 , 0.31244809,
        0.30001750 , 0.16410339 , 0.25842631 , 0.27745280,
        0.30008088 , 0.24011887 , 0.19394307 , 0.26585718,
        0.30044028 , 0.04419349 , 0.37443610 , 0.28093013,
        0.30084873 , 0.08494161 , 0.55115962 , 0.06305004,
        0.30093048 , 0.24796126 , 0.22165052 , 0.22945773,
        0.30158549 , 0.36722389 , 0.20662629 , 0.12456433,
        0.30181535 , 0.44706216 , 0.03509104 , 0.21603145,
        0.30187408 , 0.13741718 , 0.35209459 , 0.20861415,
        0.30260579 , 0.39804146 , 0.27143492 , 0.02791783,
        0.30272346 , 0.35643435 , 0.11724096 , 0.22360123,
        0.30303366 , 0.28603755 , 0.23382249 , 0.17710629,
        0.30361042 , 0.05578661 , 0.32755098 , 0.31305199,
        0.30390586 , 0.05888450 , 0.30346562 , 0.33374402,
        0.30422772 , 0.17915709 , 0.29984873 , 0.21676645,
        0.30442443 , 0.08914093 , 0.24888564 , 0.35754900,
        0.30460102 , 0.34272459 , 0.31177896 , 0.04089543,
        0.30471476 , 0.23741697 , 0.29613610 , 0.16173217,
        0.30538493 , 0.28491124 , 0.17138662 , 0.23831720,
        0.30564004 , 0.36020279 , 0.06558307 , 0.26857410,
        0.30574052 , 0.32067390 , 0.20671933 , 0.16686625,
        0.30601630 , 0.30534383 , 0.27998338 , 0.10865649,
        0.30620820 , 0.16273476 , 0.30690926 , 0.22414778,
        0.30724705 , 0.18874431 , 0.11065182 , 0.39335682,
        0.30760019 , 0.48788117 , 0.11402765 , 0.09049100,
        0.30798640 , 0.06555581 , 0.44496728 , 0.18149051,
        0.30834050 , 0.33236913 , 0.08709348 , 0.27219688,
        0.30885823 , 0.21406342 , 0.13094189 , 0.34613646,
        0.30907226 , 0.20424897 , 0.36774674 , 0.11893203,
        0.30907400 , 0.28959099 , 0.33524299 , 0.06609202,
        0.30983476 , 0.05675644 , 0.31373966 , 0.31966914,
        0.30986137 , 0.16319145 , 0.18784494 , 0.33910224,
        0.31027658 , 0.35616251 , 0.20873654 , 0.12482436,
        0.31073965 , 0.37105010 , 0.20576231 , 0.11244794,
        0.31162390 , 0.15440138 , 0.27690701 , 0.25706771,
        0.31164900 , 0.05273265 , 0.38466858 , 0.25094977,
        0.31168504 , 0.19803480 , 0.15277321 , 0.33750695,
        0.31217767 , 0.00472652 , 0.59449170 , 0.08860411,
        0.31263614 , 0.02564766 , 0.38950341 , 0.27221279,
        0.31271485 , 0.19535671 , 0.23466139 , 0.25726705,
        0.31289062 , 0.16997429 , 0.45785526 , 0.05927984,
        0.31316757 , 0.04951145 , 0.29090085 , 0.34642013,
        0.31356202 , 0.09636348 , 0.33210752 , 0.25796698,
        0.31374358 , 0.32241276 , 0.28288177 , 0.08096189,
        0.31386616 , 0.36404495 , 0.27297835 , 0.04911054,
        0.31433125 , 0.36621976 , 0.30812242 , 0.01132657,
        0.31438319 , 0.20143891 , 0.26874947 , 0.21542843,
        0.31471568 , 0.06004994 , 0.19249101 , 0.43274338,
        0.31525754 , 0.32383028 , 0.24556624 , 0.11534595,
        0.31541552 , 0.24258908 , 0.34884539 , 0.09315001,
        0.31594261 , 0.13450787 , 0.34070126 , 0.20884825,
        0.31633008 , 0.13330641 , 0.01990624 , 0.53045727,
        0.31649747 , 0.36471275 , 0.09234464 , 0.22644515,
        0.31756676 , 0.27295870 , 0.33044721 , 0.07902733,
        0.31880796 , 0.24204700 , 0.15293053 , 0.28621450,
        0.31936560 , 0.30960377 , 0.05154969 , 0.31948093,
        0.31959425 , 0.23128193 , 0.14780629 , 0.30131754,
        0.31989263 , 0.01057212 , 0.25677124 , 0.41276401,
        0.32027842 , 0.00465737 , 0.32938410 , 0.34568010,
        0.32037585 , 0.19893564 , 0.18744131 , 0.29324720,
        0.32122490 , 0.32987380 , 0.22934751 , 0.11955379,
        0.32142030 , 0.03381889 , 0.23756781 , 0.40719301,
        0.32161201 , 0.38298556 , 0.10210537 , 0.19329705,
        0.32199885 , 0.47690735 , 0.05540100 , 0.14569281,
        0.32208294 , 0.28730486 , 0.22247273 , 0.16813947,
        0.32227586 , 0.06928638 , 0.17971140 , 0.42872636,
        0.32233377 , 0.14392236 , 0.40503070 , 0.12871316,
        0.32276708 , 0.51517396 , 0.16073241 , 0.00132654,
        0.32277430 , 0.33859965 , 0.05331755 , 0.28530850,
        0.32322127 , 0.29659985 , 0.07178874 , 0.30839014,
        0.32325326 , 0.17651981 , 0.28029168 , 0.21993525,
        0.32325428 , 0.27540069 , 0.18848310 , 0.21286194,
        0.32335781 , 0.12346318 , 0.42766235 , 0.12551666,
        0.32364568 , 0.17107387 , 0.33935170 , 0.16592875,
        0.32376217 , 0.02300816 , 0.33607276 , 0.31715691,
        0.32376772 , 0.25383188 , 0.24999661 , 0.17240380,
        0.32384060 , 0.26975747 , 0.03594333 , 0.37045861,
        0.32409794 , 0.29057574 , 0.08243040 , 0.30289592,
        0.32442601 , 0.31613898 , 0.30636769 , 0.05306732,
        0.32566012 , 0.11034625 , 0.34845163 , 0.21554200,
        0.32568095 , 0.11894049 , 0.37396694 , 0.18141162,
